{
    "_versionMajor": 0,
    "_versionMinor": 4,
    "boundsCenter": {
        "x": 0.0,
        "y": -1.0,
        "z": 0.0
    },
    "boundsSize": {
        "x": 1.5700000524520874,
        "y": 2.0,
        "z": 1.5700000524520874
    },
    "format": "perpixel",
    "numAngles": 10,
    "numColumns": 5,
    "numRows": 2,
    "perspectives": [
        {
            "clipEpsilon": 0.0022366829216480255,
            "crop": {
                "w": 1.0,
                "x": 0.0,
                "y": 0.0,
                "z": 1.0
            },
            "depthFocalLength": {
                "x": 1223.7904052734375,
                "y": 1223.6204833984375
            },
            "depthImageSize": {
                "x": 2560.0,
                "y": 1440.0
            },
            "depthPrincipalPoint": {
                "x": 1273.886474609375,
                "y": 727.026123046875
            },
            "extrinsics": {
                "e00": 0.15087290108203888,
                "e01": 0.4887520372867584,
                "e02": -0.8592780828475952,
                "e03": -1.0771654844284058,
                "e10": -0.9691433906555176,
                "e11": -0.09827372431755066,
                "e12": -0.2260606437921524,
                "e13": -1.2912571430206299,
                "e20": -0.19493205845355988,
                "e21": 0.8668700456619263,
                "e22": 0.4588439464569092,
                "e23": 0.4865274429321289,
                "e30": 0.0,
                "e31": 0.0,
                "e32": 0.0,
                "e33": 1.0
            },
            "farClip": 2.4754531383514404,
            "nearClip": 0.23999999463558197
        },
        {
            "clipEpsilon": 0.00244664354249835,
            "crop": {
                "w": 1.0,
                "x": 0.0,
                "y": 0.0,
                "z": 1.0
            },
            "depthFocalLength": {
                "x": 1220.5576171875,
                "y": 1220.1463623046875
            },
            "depthImageSize": {
                "x": 2560.0,
                "y": 1440.0
            },
            "depthPrincipalPoint": {
                "x": 1281.056640625,
                "y": 727.792724609375
            },
            "extrinsics": {
                "e00": 0.996354341506958,
                "e01": -0.08528263866901398,
                "e02": -0.0022031404078006744,
                "e03": 0.15789642930030823,
                "e10": -0.00588521733880043,
                "e11": -0.04294769465923309,
                "e12": -0.9990599751472473,
                "e13": -2.308403253555298,
                "e20": 0.08510784804821014,
                "e21": 0.9954307675361633,
                "e22": -0.04329302906990051,
                "e23": -0.22209948301315308,
                "e30": 0.0,
                "e31": 0.0,
                "e32": 0.0,
                "e33": 1.0
            },
            "farClip": 2.3382492065429688,
            "nearClip": 0.294633150100708
        },
        {
            "clipEpsilon": 0.002677585231140256,
            "crop": {
                "w": 1.0,
                "x": 0.0,
                "y": 0.0,
                "z": 1.0
            },
            "depthFocalLength": {
                "x": 1228.7315673828125,
                "y": 1228.6490478515625
            },
            "depthImageSize": {
                "x": 2560.0,
                "y": 1440.0
            },
            "depthPrincipalPoint": {
                "x": 1275.8095703125,
                "y": 741.7275390625
            },
            "extrinsics": {
                "e00": -0.11008307337760925,
                "e01": 0.6932503581047058,
                "e02": 0.7122398614883423,
                "e03": 0.922860860824585,
                "e10": -0.9628300070762634,
                "e11": 0.10345467925071716,
                "e12": -0.24951042234897614,
                "e13": -1.277055025100708,
                "e20": -0.24665774405002594,
                "e21": -0.7132328152656555,
                "e22": 0.6560936570167542,
                "e23": 0.8584365248680115,
                "e30": 0.0,
                "e31": 0.0,
                "e32": 0.0,
                "e33": 1.0
            },
            "farClip": 2.223318338394165,
            "nearClip": 0.35596418380737305
        },
        {
            "clipEpsilon": 0.002826003124937415,
            "crop": {
                "w": 0.9431409239768982,
                "x": 0.0,
                "y": 0.056859079748392105,
                "z": 1.0
            },
            "depthFocalLength": {
                "x": 1223.43115234375,
                "y": 1223.4093017578125
            },
            "depthImageSize": {
                "x": 2560.0,
                "y": 1440.0
            },
            "depthPrincipalPoint": {
                "x": 1280.3250732421875,
                "y": 729.6947631835938
            },
            "extrinsics": {
                "e00": 0.1479184627532959,
                "e01": 0.6632896661758423,
                "e02": 0.7335986495018005,
                "e03": 0.9204460978507996,
                "e10": -0.9813967347145081,
                "e11": 0.006644092034548521,
                "e12": 0.19187568128108978,
                "e13": -0.5294135212898254,
                "e20": 0.12239506095647812,
                "e21": -0.7483332753181458,
                "e22": 0.6519330739974976,
                "e23": 0.9029660224914551,
                "e30": 0.0,
                "e31": 0.0,
                "e32": 0.0,
                "e33": 1.0
            },
            "farClip": 2.238847255706787,
            "nearClip": 0.4695640504360199
        },
        {
            "clipEpsilon": 0.0026566600427031517,
            "crop": {
                "w": 0.8935760259628296,
                "x": 0.011644745245575905,
                "y": 0.015384165570139885,
                "z": 0.9777976274490356
            },
            "depthFocalLength": {
                "x": 1219.7042236328125,
                "y": 1219.810546875
            },
            "depthImageSize": {
                "x": 2560.0,
                "y": 1440.0
            },
            "depthPrincipalPoint": {
                "x": 1276.8441162109375,
                "y": 730.1631469726563
            },
            "extrinsics": {
                "e00": 0.22653967142105103,
                "e01": -0.5537500381469727,
                "e02": 0.8012744188308716,
                "e03": 1.2608460187911987,
                "e10": -0.9615444540977478,
                "e11": 0.00400560162961483,
                "e12": 0.2746201157569885,
                "e13": -0.46916940808296204,
                "e20": -0.1552804857492447,
                "e21": -0.8326733112335205,
                "e22": -0.5315478444099426,
                "e23": -0.8398259282112122,
                "e30": 0.0,
                "e31": 0.0,
                "e32": 0.0,
                "e33": 1.0
            },
            "farClip": 2.543499231338501,
            "nearClip": 0.6614368557929993
        },
        {
            "clipEpsilon": 0.0027464262675493956,
            "crop": {
                "w": 0.9315958619117737,
                "x": 0.0,
                "y": 0.026463784277439117,
                "z": 1.0
            },
            "depthFocalLength": {
                "x": 1219.1685791015625,
                "y": 1218.93017578125
            },
            "depthImageSize": {
                "x": 2560.0,
                "y": 1440.0
            },
            "depthPrincipalPoint": {
                "x": 1282.47509765625,
                "y": 732.7325439453125
            },
            "extrinsics": {
                "e00": -0.061679329723119736,
                "e01": -0.8005342483520508,
                "e02": -0.5961045622825623,
                "e03": -0.7878826260566711,
                "e10": -0.9692606925964355,
                "e11": -0.09448054432868958,
                "e12": 0.22717200219631195,
                "e13": -0.5006852149963379,
                "e20": -0.23817923665046692,
                "e21": 0.5917925238609314,
                "e22": -0.770098865032196,
                "e23": -1.1846439838409424,
                "e30": 0.0,
                "e31": 0.0,
                "e32": 0.0,
                "e33": 1.0
            },
            "farClip": 2.4056575298309326,
            "nearClip": 0.5851099491119385
        },
        {
            "clipEpsilon": 0.003158014267683029,
            "crop": {
                "w": 0.8138302564620972,
                "x": 0.0,
                "y": 0.02283647283911705,
                "z": 1.0
            },
            "depthFocalLength": {
                "x": 1226.5562744140625,
                "y": 1226.2012939453125
            },
            "depthImageSize": {
                "x": 2560.0,
                "y": 1440.0
            },
            "depthPrincipalPoint": {
                "x": 1276.837158203125,
                "y": 738.6669311523438
            },
            "extrinsics": {
                "e00": -0.08065494894981384,
                "e01": -0.5219562649726868,
                "e02": 0.8491504192352295,
                "e03": 1.2965490818023682,
                "e10": -0.9938121438026428,
                "e11": -0.023161569610238075,
                "e12": -0.10863233357667923,
                "e13": -1.175342321395874,
                "e20": 0.07636898010969162,
                "e21": -0.8526577353477478,
                "e22": -0.5168583989143372,
                "e23": -0.8917025327682495,
                "e30": 0.0,
                "e31": 0.0,
                "e32": 0.0,
                "e33": 1.0
            },
            "farClip": 2.3725340366363525,
            "nearClip": 0.7892606258392334
        },
        {
            "clipEpsilon": 0.003438821528106928,
            "crop": {
                "w": 0.9570653438568115,
                "x": 0.0,
                "y": 0.04293463006615639,
                "z": 1.0
            },
            "depthFocalLength": {
                "x": 1228.606201171875,
                "y": 1228.38916015625
            },
            "depthImageSize": {
                "x": 2560.0,
                "y": 1440.0
            },
            "depthPrincipalPoint": {
                "x": 1275.95849609375,
                "y": 735.264892578125
            },
            "extrinsics": {
                "e00": 0.07093613594770432,
                "e01": -0.7950273156166077,
                "e02": -0.6024115085601807,
                "e03": -0.7683579921722412,
                "e10": -0.993670642375946,
                "e11": -0.10905927419662476,
                "e12": 0.02692171186208725,
                "e13": -1.1533604860305786,
                "e20": -0.08710205554962158,
                "e21": 0.5966888666152954,
                "e22": -0.7977315187454224,
                "e23": -1.2081999778747559,
                "e30": 0.0,
                "e31": 0.0,
                "e32": 0.0,
                "e33": 1.0
            },
            "farClip": 2.1495513916015625,
            "nearClip": 0.6955650448799133
        },
        {
            "clipEpsilon": 0.004289618227630854,
            "crop": {
                "w": 1.0,
                "x": 0.0,
                "y": 0.0,
                "z": 1.0
            },
            "depthFocalLength": {
                "x": 1227.275146484375,
                "y": 1226.9696044921875
            },
            "depthImageSize": {
                "x": 2560.0,
                "y": 1440.0
            },
            "depthPrincipalPoint": {
                "x": 1278.77099609375,
                "y": 727.133544921875
            },
            "extrinsics": {
                "e00": 0.03252064064145088,
                "e01": -0.9909246563911438,
                "e02": 0.13042530417442322,
                "e03": 0.218163400888443,
                "e10": -0.999121367931366,
                "e11": -0.035682983696460724,
                "e12": -0.02198255993425846,
                "e13": -1.3920166492462158,
                "e20": 0.026437025517225266,
                "e21": -0.1295958161354065,
                "e22": -0.991214394569397,
                "e23": -0.9565216898918152,
                "e30": 0.0,
                "e31": 0.0,
                "e32": 0.0,
                "e33": 1.0
            },
            "farClip": 1.567992091178894,
            "nearClip": 0.40238726139068604
        },
        {
            "clipEpsilon": 0.0027887553442269564,
            "crop": {
                "w": 1.0,
                "x": 0.0,
                "y": 0.0,
                "z": 1.0
            },
            "depthFocalLength": {
                "x": 1225.7861328125,
                "y": 1225.7359619140625
            },
            "depthImageSize": {
                "x": 2560.0,
                "y": 1440.0
            },
            "depthPrincipalPoint": {
                "x": 1279.2744140625,
                "y": 738.6557006835938
            },
            "extrinsics": {
                "e00": -0.20711161196231842,
                "e01": 0.45824316143989563,
                "e02": -0.8643598556518555,
                "e03": -1.0931116342544556,
                "e10": -0.9693498015403748,
                "e11": 0.02323014847934246,
                "e12": 0.2445840686559677,
                "e13": -0.5788636803627014,
                "e20": 0.13215819001197815,
                "e21": 0.888523280620575,
                "e22": 0.43938666582107544,
                "e23": 0.5228266716003418,
                "e30": 0.0,
                "e31": 0.0,
                "e32": 0.0,
                "e33": 1.0
            },
            "farClip": 2.174025535583496,
            "nearClip": 0.3811110258102417
        }
    ],
    "textureHeight": 4096,
    "textureWidth": 4090
}
