{
    "_versionMajor": 0,
    "_versionMinor": 4,
    "boundsCenter": {
        "x": 0.10359358787536621,
        "y": -0.6491446495056152,
        "z": -0.032271504402160645
    },
    "boundsSize": {
        "x": 3.7298364639282227,
        "y": 3.973227024078369,
        "z": 3.700211763381958
    },
    "format": "perpixel",
    "numAngles": 10,
    "perspectives": [
        {
            "clipEpsilon": 0.0032662900630384684,
            "crop": {
                "w": 1.0,
                "x": 0.2137252241373062,
                "y": 0.0,
                "z": 0.43626105785369873
            },
            "depthFocalLength": {
                "x": 917.8428955078125,
                "y": 917.7154541015625
            },
            "depthImageSize": {
                "x": 1920.0,
                "y": 1080.0
            },
            "depthPrincipalPoint": {
                "x": 955.2898559570312,
                "y": 545.1446533203125
            },
            "extrinsics": {
                "e00": -0.09768138825893402,
                "e01": -0.02802811749279499,
                "e02": -0.9948229789733887,
                "e03": -1.680701494216919,
                "e10": -0.9951304793357849,
                "e11": -0.010483932681381702,
                "e12": 0.0980069637298584,
                "e13": -1.5420427322387695,
                "e20": -0.013176606968045235,
                "e21": 0.9995521306991577,
                "e22": -0.026867549866437912,
                "e23": -0.2984490990638733,
                "e30": 0.0,
                "e31": 0.0,
                "e32": 0.0,
                "e33": 1.0
            },
            "farClip": 2.4818038940429688,
            "nearClip": 0.951015293598175
        },
        {
            "clipEpsilon": 0.0025135944597423077,
            "crop": {
                "w": 1.0,
                "x": 0.13628855347633362,
                "y": 0.0,
                "z": 0.6314014196395874
            },
            "depthFocalLength": {
                "x": 915.4181518554688,
                "y": 915.1098022460938
            },
            "depthImageSize": {
                "x": 1920.0,
                "y": 1080.0
            },
            "depthPrincipalPoint": {
                "x": 960.6675415039062,
                "y": 545.7195434570312
            },
            "extrinsics": {
                "e00": -0.04466885328292847,
                "e01": -0.9696611166000366,
                "e02": -0.24033722281455994,
                "e03": -0.35415729880332947,
                "e10": -0.9953478574752808,
                "e11": 0.02264075167477131,
                "e12": 0.09364837408065796,
                "e13": -0.5425106287002563,
                "e20": -0.08536577224731445,
                "e21": 0.24340230226516724,
                "e22": -0.9661614894866943,
                "e23": -1.498545527458191,
                "e30": 0.0,
                "e31": 0.0,
                "e32": 0.0,
                "e33": 1.0
            },
            "farClip": 2.821791172027588,
            "nearClip": 0.8326080441474915
        },
        {
            "clipEpsilon": 0.0029577205423265696,
            "crop": {
                "w": 1.0,
                "x": 0.23850496113300323,
                "y": 0.0,
                "z": 0.433163583278656
            },
            "depthFocalLength": {
                "x": 908.7243041992188,
                "y": 908.5245361328125
            },
            "depthImageSize": {
                "x": 1920.0,
                "y": 1080.0
            },
            "depthPrincipalPoint": {
                "x": 957.5933837890625,
                "y": 549.89111328125
            },
            "extrinsics": {
                "e00": -0.038347870111465454,
                "e01": 0.9841184616088867,
                "e02": 0.17332124710083008,
                "e03": 0.4320182800292969,
                "e10": -0.9932399988174438,
                "e11": -0.05655626207590103,
                "e12": 0.10136913508176804,
                "e13": -1.5438220500946045,
                "e20": 0.10956163704395294,
                "e21": -0.1682623028755188,
                "e22": 0.9796346426010132,
                "e23": 1.1917271614074707,
                "e30": 0.0,
                "e31": 0.0,
                "e32": 0.0,
                "e33": 1.0
            },
            "farClip": 2.3551275730133057,
            "nearClip": 0.6646366119384766
        },
        {
            "clipEpsilon": 0.002840959932655096,
            "crop": {
                "w": 0.7907488942146301,
                "x": 0.25089481472969055,
                "y": 0.0,
                "z": 0.49201545119285583
            },
            "depthFocalLength": {
                "x": 917.5733032226562,
                "y": 917.5570068359375
            },
            "depthImageSize": {
                "x": 1920.0,
                "y": 1080.0
            },
            "depthPrincipalPoint": {
                "x": 960.1187744140625,
                "y": 547.1460571289062
            },
            "extrinsics": {
                "e00": -0.06861946731805801,
                "e01": 0.9912638664245605,
                "e02": 0.11263783276081085,
                "e03": 0.4603986144065857,
                "e10": -0.9925136566162109,
                "e11": -0.07926434278488159,
                "e12": 0.09291835874319077,
                "e13": -0.3021290600299835,
                "e20": 0.10103477537631989,
                "e21": -0.10541857779026031,
                "e22": 0.9892820119857788,
                "e23": 1.1804949045181274,
                "e30": 0.0,
                "e31": 0.0,
                "e32": 0.0,
                "e33": 1.0
            },
            "farClip": 2.422056198120117,
            "nearClip": 0.6620877981185913
        },
        {
            "clipEpsilon": 0.0031519976910203695,
            "crop": {
                "w": 1.0,
                "x": 0.23850496113300323,
                "y": 0.0,
                "z": 0.510600209236145
            },
            "depthFocalLength": {
                "x": 919.4441528320312,
                "y": 919.4241943359375
            },
            "depthImageSize": {
                "x": 1920.0,
                "y": 1080.0
            },
            "depthPrincipalPoint": {
                "x": 960.2364501953125,
                "y": 547.7705688476562
            },
            "extrinsics": {
                "e00": -0.12367082387208939,
                "e01": -0.7927143573760986,
                "e02": 0.596916675567627,
                "e03": 0.6999996304512024,
                "e10": -0.9795950055122375,
                "e11": 0.0014903339324519038,
                "e12": -0.20097598433494568,
                "e13": -1.6091737747192383,
                "e20": 0.1584269404411316,
                "e21": -0.6095914840698242,
                "e22": -0.776723325252533,
                "e23": -1.2219501733779907,
                "e30": 0.0,
                "e31": 0.0,
                "e32": 0.0,
                "e33": 1.0
            },
            "farClip": 2.207365036010742,
            "nearClip": 0.6210695505142212
        },
        {
            "clipEpsilon": 0.0023986417800188065,
            "crop": {
                "w": 0.7907488942146301,
                "x": 0.21682268381118774,
                "y": 0.20925110578536987,
                "z": 0.5415748953819275
            },
            "depthFocalLength": {
                "x": 914.7781372070312,
                "y": 914.8578491210938
            },
            "depthImageSize": {
                "x": 1920.0,
                "y": 1080.0
            },
            "depthPrincipalPoint": {
                "x": 957.5081176757812,
                "y": 547.497314453125
            },
            "extrinsics": {
                "e00": 0.07126855105161667,
                "e01": -0.9191336631774902,
                "e02": 0.3874455690383911,
                "e03": 0.7672176361083984,
                "e10": -0.9937441945075989,
                "e11": -0.03194357827305794,
                "e12": 0.1070144921541214,
                "e13": -0.3875432312488556,
                "e20": -0.08598422259092331,
                "e21": -0.3926485478878021,
                "e22": -0.9156603217124939,
                "e23": -1.2868629693984985,
                "e30": 0.0,
                "e31": 0.0,
                "e32": 0.0,
                "e33": 1.0
            },
            "farClip": 2.7362327575683594,
            "nearClip": 0.651719868183136
        },
        {
            "clipEpsilon": 0.002331250114366412,
            "crop": {
                "w": 1.0,
                "x": 0.2354074865579605,
                "y": 0.0,
                "z": 0.510600209236145
            },
            "depthFocalLength": {
                "x": 914.37646484375,
                "y": 914.1976318359375
            },
            "depthImageSize": {
                "x": 1920.0,
                "y": 1080.0
            },
            "depthPrincipalPoint": {
                "x": 961.7313842773438,
                "y": 549.4244384765625
            },
            "extrinsics": {
                "e00": -0.15503709018230438,
                "e01": 0.9540845155715942,
                "e02": -0.256293386220932,
                "e03": -0.35361137986183167,
                "e10": -0.9857240915298462,
                "e11": -0.13215447962284088,
                "e12": 0.10432280600070953,
                "e13": -0.5731889009475708,
                "e20": 0.0656624510884285,
                "e21": 0.2688084542751312,
                "e22": 0.960952877998352,
                "e23": 1.3103060722351074,
                "e30": 0.0,
                "e31": 0.0,
                "e32": 0.0,
                "e33": 1.0
            },
            "farClip": 2.840693473815918,
            "nearClip": 0.6959214806556702
        },
        {
            "clipEpsilon": 0.0029802746139466763,
            "crop": {
                "w": 1.0,
                "x": 0.23231002688407898,
                "y": 0.0,
                "z": 0.392896443605423
            },
            "depthFocalLength": {
                "x": 921.4547119140625,
                "y": 921.2918701171875
            },
            "depthImageSize": {
                "x": 1920.0,
                "y": 1080.0
            },
            "depthPrincipalPoint": {
                "x": 956.84375,
                "y": 551.3236694335938
            },
            "extrinsics": {
                "e00": 0.0437946654856205,
                "e01": 0.07789773494005203,
                "e02": 0.9959989786148071,
                "e03": 1.4186283349990845,
                "e10": -0.9982442259788513,
                "e11": -0.0363859124481678,
                "e12": 0.04673915356397629,
                "e13": -1.6319328546524048,
                "e20": 0.039881203323602676,
                "e21": -0.9962971210479736,
                "e22": 0.07616745680570602,
                "e23": 0.0721844956278801,
                "e30": 0.0,
                "e31": 0.0,
                "e32": 0.0,
                "e33": 1.0
            },
            "farClip": 2.4025795459747314,
            "nearClip": 0.7248818278312683
        },
        {
            "clipEpsilon": 0.002711456036195159,
            "crop": {
                "w": 1.0,
                "x": 0.2354074865579605,
                "y": 0.0,
                "z": 0.4889179468154907
            },
            "depthFocalLength": {
                "x": 919.310791015625,
                "y": 918.6568603515625
            },
            "depthImageSize": {
                "x": 1920.0,
                "y": 1080.0
            },
            "depthPrincipalPoint": {
                "x": 952.1951904296875,
                "y": 554.48876953125
            },
            "extrinsics": {
                "e00": -0.2035183608531952,
                "e01": -0.9758089780807495,
                "e02": 0.07985652983188629,
                "e03": 0.009573474526405334,
                "e10": -0.0204936470836401,
                "e11": -0.07729990035295486,
                "e12": -0.9967972636222839,
                "e13": -2.415623188018799,
                "e20": 0.97885662317276,
                "e21": -0.20450308918952942,
                "e22": -0.004265937488526106,
                "e23": 0.0005681701004505157,
                "e30": 0.0,
                "e31": 0.0,
                "e32": 0.0,
                "e33": 1.0
            },
            "farClip": 2.274965763092041,
            "nearClip": 0.43093812465667725
        },
        {
            "clipEpsilon": 0.002145271748304367,
            "crop": {
                "w": 0.9063876867294312,
                "x": 0.27257707715034485,
                "y": 0.049559470266103745,
                "z": 0.47962555289268494
            },
            "depthFocalLength": {
                "x": 920.4563598632812,
                "y": 920.2271728515625
            },
            "depthImageSize": {
                "x": 1920.0,
                "y": 1080.0
            },
            "depthPrincipalPoint": {
                "x": 958.9531860351562,
                "y": 545.2251586914062
            },
            "extrinsics": {
                "e00": -0.13236461579799652,
                "e01": -0.1294931173324585,
                "e02": -0.9827060103416443,
                "e03": -1.6304901838302612,
                "e10": -0.9830263257026672,
                "e11": -0.10991818457841873,
                "e12": 0.14689189195632935,
                "e13": -0.2626654803752899,
                "e20": -0.12703874707221985,
                "e21": 0.9854691624641418,
                "e22": -0.11274587363004684,
                "e23": -0.27968743443489075,
                "e30": 0.0,
                "e31": 0.0,
                "e32": 0.0,
                "e33": 1.0
            },
            "farClip": 3.323822021484375,
            "nearClip": 0.9931148886680603
        }
    ],
    "textureHeight": 4320,
    "textureWidth": 4240,
    "numRows": 2,
    "numColumns": 5
}