{
    "_versionMajor": 0,
    "_versionMinor": 4,
    "boundsCenter": {
        "x": -3.127743721008301,
        "y": -1.692624568939209,
        "z": 3.053229808807373
    },
    "boundsSize": {
        "x": 9.413614273071289,
        "y": 8.524572372436523,
        "z": 9.283102989196777
    },
    "format": "perpixel",
    "numAngles": 10,
    "perspectives": [
        {
            "clipEpsilon": 0.005123417358845472,
            "crop": {
                "w": 1.0,
                "x": 0.1783691942691803,
                "y": 0.0,
                "z": 0.5731879472732544
            },
            "depthFocalLength": {
                "x": 1223.9263916015625,
                "y": 1223.2447509765625
            },
            "depthImageSize": {
                "x": 2560.0,
                "y": 1440.0
            },
            "depthPrincipalPoint": {
                "x": 1275.3466796875,
                "y": 743.389892578125
            },
            "extrinsics": {
                "e00": 0.0053281658329069614,
                "e01": 0.9992461204528809,
                "e02": -0.03845526650547981,
                "e03": 0.20370838046073914,
                "e10": -0.9854499101638794,
                "e11": -0.0012862298171967268,
                "e12": -0.1699611246585846,
                "e13": -1.6273795366287231,
                "e20": -0.16988246142864227,
                "e21": 0.038801323622465134,
                "e22": 0.9847001433372498,
                "e23": 1.0824370384216309,
                "e30": 0.0,
                "e31": 0.0,
                "e32": 0.0,
                "e33": 1.0
            },
            "farClip": 1.6583256721496582,
            "nearClip": 0.6824145317077637
        },
        {
            "clipEpsilon": 0.007046785205602646,
            "crop": {
                "w": 1.0,
                "x": 0.234109565615654,
                "y": 0.0,
                "z": 0.520632803440094
            },
            "depthFocalLength": {
                "x": 1227.7427978515625,
                "y": 1227.7132568359375
            },
            "depthImageSize": {
                "x": 2560.0,
                "y": 1440.0
            },
            "depthPrincipalPoint": {
                "x": 1277.4437255859375,
                "y": 732.4607543945312
            },
            "extrinsics": {
                "e00": -0.013946286402642727,
                "e01": -0.9984661340713501,
                "e02": 0.05358027666807175,
                "e03": 0.3102646470069885,
                "e10": -0.9999022483825684,
                "e11": 0.013871359638869762,
                "e12": -0.0017700475873425603,
                "e13": -0.8310644626617432,
                "e20": 0.001024101278744638,
                "e21": -0.05359972268342972,
                "e22": -0.9985619783401489,
                "e23": -1.5087651014328003,
                "e30": 0.0,
                "e31": 0.0,
                "e32": 0.0,
                "e33": 1.0
            },
            "farClip": 1.702582836151123,
            "nearClip": 0.9930394291877747
        },
        {
            "clipEpsilon": 0.0006287725991569459,
            "crop": {
                "w": 1.0,
                "x": 0.23570215702056885,
                "y": 0.0,
                "z": 0.5062995553016663
            },
            "depthFocalLength": {
                "x": 1222.916748046875,
                "y": 1222.9185791015625
            },
            "depthImageSize": {
                "x": 2560.0,
                "y": 1440.0
            },
            "depthPrincipalPoint": {
                "x": 1277.150146484375,
                "y": 737.3551635742188
            },
            "extrinsics": {
                "e00": 0.15045014023780823,
                "e01": -0.5724636912345886,
                "e02": 0.8060087561607361,
                "e03": 1.4848949909210205,
                "e10": -0.9822160005569458,
                "e11": 0.006075557321310043,
                "e12": 0.1876562386751175,
                "e13": -0.32421472668647766,
                "e20": -0.1123233363032341,
                "e21": -0.819907546043396,
                "e22": -0.5613689422607422,
                "e23": -0.9695946574211121,
                "e30": 0.0,
                "e31": 0.0,
                "e32": 0.0,
                "e33": 1.0
            },
            "farClip": 8.188699722290039,
            "nearClip": 0.23669932782649994
        },
        {
            "clipEpsilon": 0.004742428194731474,
            "crop": {
                "w": 1.0,
                "x": 0.2420724779367447,
                "y": 0.0,
                "z": 0.4935588836669922
            },
            "depthFocalLength": {
                "x": 1227.4671630859375,
                "y": 1227.238525390625
            },
            "depthImageSize": {
                "x": 2560.0,
                "y": 1440.0
            },
            "depthPrincipalPoint": {
                "x": 1276.156982421875,
                "y": 732.7308959960938
            },
            "extrinsics": {
                "e00": 0.1215638518333435,
                "e01": -0.5267861485481262,
                "e02": -0.8412601351737976,
                "e03": -0.8936824798583984,
                "e10": -0.988353431224823,
                "e11": 0.013923224061727524,
                "e12": -0.15153768658638,
                "e13": -1.5543668270111084,
                "e20": 0.09154100716114044,
                "e21": 0.8498837947845459,
                "e22": -0.518958330154419,
                "e23": -0.7433807253837585,
                "e30": 0.0,
                "e31": 0.0,
                "e32": 0.0,
                "e33": 1.0
            },
            "farClip": 1.819322943687439,
            "nearClip": 0.7650106549263
        },
        {
            "clipEpsilon": 0.005375739187002182,
            "crop": {
                "w": 1.0,
                "x": 0.23570215702056885,
                "y": 0.0,
                "z": 0.5142624378204346
            },
            "depthFocalLength": {
                "x": 1226.998779296875,
                "y": 1226.448486328125
            },
            "depthImageSize": {
                "x": 2560.0,
                "y": 1440.0
            },
            "depthPrincipalPoint": {
                "x": 1270.78662109375,
                "y": 737.5208129882812
            },
            "extrinsics": {
                "e00": -0.1422797590494156,
                "e01": -0.37387219071388245,
                "e02": 0.916502058506012,
                "e03": 1.50458824634552,
                "e10": -0.9863359928131104,
                "e11": -0.02413932792842388,
                "e12": -0.16296817362308502,
                "e13": -1.5301711559295654,
                "e20": 0.08305300772190094,
                "e21": -0.9271660447120667,
                "e22": -0.3653290569782257,
                "e23": -0.5954429507255554,
                "e30": 0.0,
                "e31": 0.0,
                "e32": 0.0,
                "e33": 1.0
            },
            "farClip": 1.6788763999938965,
            "nearClip": 0.7487717866897583
        },
        {
            "clipEpsilon": 0.005371688399463892,
            "crop": {
                "w": 1.0,
                "x": 0.23251698911190033,
                "y": 0.0,
                "z": 0.5397437810897827
            },
            "depthFocalLength": {
                "x": 1224.3944091796875,
                "y": 1224.2818603515625
            },
            "depthImageSize": {
                "x": 2560.0,
                "y": 1440.0
            },
            "depthPrincipalPoint": {
                "x": 1274.5538330078125,
                "y": 737.7300415039062
            },
            "extrinsics": {
                "e00": -0.012722782790660858,
                "e01": 0.9994417428970337,
                "e02": -0.030891895294189453,
                "e03": 0.2322835475206375,
                "e10": -0.9898792505264282,
                "e11": -0.00822204165160656,
                "e12": 0.14167363941669464,
                "e13": -0.34113550186157227,
                "e20": 0.14134056866168976,
                "e21": 0.032381728291511536,
                "e22": 0.9894312620162964,
                "e23": 1.2850382328033447,
                "e30": 0.0,
                "e31": 0.0,
                "e32": 0.0,
                "e33": 1.0
            },
            "farClip": 1.7471694946289062,
            "nearClip": 0.8163634538650513
        },
        {
            "clipEpsilon": 0.005376017652451992,
            "crop": {
                "w": 1.0,
                "x": 0.20385050773620605,
                "y": 0.0,
                "z": 0.48718857765197754
            },
            "depthFocalLength": {
                "x": 1226.224609375,
                "y": 1226.0482177734375
            },
            "depthImageSize": {
                "x": 2560.0,
                "y": 1440.0
            },
            "depthPrincipalPoint": {
                "x": 1281.9696044921875,
                "y": 732.4555053710938
            },
            "extrinsics": {
                "e00": -0.07269705086946487,
                "e01": 0.4644719958305359,
                "e02": -0.8825989365577698,
                "e03": -1.1315338611602783,
                "e10": -0.9972838759422302,
                "e11": -0.023352032527327538,
                "e12": 0.06985418498516083,
                "e13": -0.6383880376815796,
                "e20": 0.011834831908345222,
                "e21": 0.8852798938751221,
                "e22": 0.46490803360939026,
                "e23": 0.7691775560379028,
                "e30": 0.0,
                "e31": 0.0,
                "e32": 0.0,
                "e33": 1.0
            },
            "farClip": 1.9577885866165161,
            "nearClip": 1.0277321338653564
        },
        {
            "clipEpsilon": 0.0040249633602797985,
            "crop": {
                "w": 1.0,
                "x": 0.1974801868200302,
                "y": 0.0,
                "z": 0.5747805833816528
            },
            "depthFocalLength": {
                "x": 1228.308837890625,
                "y": 1228.00244140625
            },
            "depthImageSize": {
                "x": 2560.0,
                "y": 1440.0
            },
            "depthPrincipalPoint": {
                "x": 1273.1851806640625,
                "y": 731.831787109375
            },
            "extrinsics": {
                "e00": 0.08136674761772156,
                "e01": 0.6694473028182983,
                "e02": 0.7383900284767151,
                "e03": 1.5859034061431885,
                "e10": -0.994678258895874,
                "e11": 0.007562595885246992,
                "e12": 0.10275190323591232,
                "e13": -0.6953913569450378,
                "e20": 0.06320283561944962,
                "e21": -0.7428210973739624,
                "e22": 0.6664999723434448,
                "e23": 1.04325532913208,
                "e30": 0.0,
                "e31": 0.0,
                "e32": 0.0,
                "e33": 1.0
            },
            "farClip": 2.2489256858825684,
            "nearClip": 1.0066783428192139
        },
        {
            "clipEpsilon": 0.005246737971901894,
            "crop": {
                "w": 1.0,
                "x": 0.234109565615654,
                "y": 0.0,
                "z": 0.42030012607574463
            },
            "depthFocalLength": {
                "x": 1225.353759765625,
                "y": 1225.4539794921875
            },
            "depthImageSize": {
                "x": 2560.0,
                "y": 1440.0
            },
            "depthPrincipalPoint": {
                "x": 1275.411865234375,
                "y": 740.10986328125
            },
            "extrinsics": {
                "e00": -0.10793888568878174,
                "e01": -0.658638060092926,
                "e02": -0.7446778416633606,
                "e03": -0.8729099035263062,
                "e10": -0.9872120022773743,
                "e11": -0.017377112060785294,
                "e12": 0.15846286714076996,
                "e13": -0.3345843255519867,
                "e20": -0.11731003224849701,
                "e21": 0.7522591948509216,
                "e22": -0.6483397483825684,
                "e23": -1.041193962097168,
                "e30": 0.0,
                "e31": 0.0,
                "e32": 0.0,
                "e33": 1.0
            },
            "farClip": 1.8457505702972412,
            "nearClip": 0.8927775621414185
        },
        {
            "clipEpsilon": 0.002548313234001398,
            "crop": {
                "w": 1.0,
                "x": 0.2579983174800873,
                "y": 0.0,
                "z": 0.5317808389663696
            },
            "depthFocalLength": {
                "x": 1228.362060546875,
                "y": 1228.0343017578125
            },
            "depthImageSize": {
                "x": 2560.0,
                "y": 1440.0
            },
            "depthPrincipalPoint": {
                "x": 1273.9290771484375,
                "y": 734.8984985351562
            },
            "extrinsics": {
                "e00": -0.9999809265136719,
                "e01": -0.0031776728574186563,
                "e02": 0.005295944400131702,
                "e03": 0.2804321050643921,
                "e10": -0.0053117242641747,
                "e11": 0.00497808400541544,
                "e12": -0.999973475933075,
                "e13": -2.5687100887298584,
                "e20": 0.0031512249261140823,
                "e21": -0.9999825358390808,
                "e22": -0.0049948678351938725,
                "e23": -0.09297210723161697,
                "e30": 0.0,
                "e31": 0.0,
                "e32": 0.0,
                "e33": 1.0
            },
            "farClip": 2.628060817718506,
            "nearClip": 0.6659786105155945
        }
    ],
    "textureHeight": 1502,
    "textureWidth": 1920,
    "numRows": 2,
    "numColumns": 5
}